        64
        20
      6765
         4
        18
      2584
        36
        16
       987
        36
        14
       377
        36
        12
       144
        36
        10
        55
        36
         8
        21
        36
         6
         8
        36
         4
         3
        36
         2
         1
        36
        27
        27
        27
        27
        27
        27
        27
        27
        27
         x
         x
         x
         x
         x
         x
         x
         x
         x
